version https://git-lfs.github.com/spec/v1
oid sha256:8110c076d12a612967b0a12e0c1ec949ec154aaf5f7ca040ba02625a0edf07fc
size 890776
